32 30
-5 0 0
0 0
5 0 0
1 0
-5 1.46264 0.799043
0 0.166667
5 1.46264 0.799043
1 0.166667
-5 2.95109 1.5489
0 0.333333
5 2.95109 1.5489
1 0.333333
-5 4.46371 2.24873
0 0.5
5 4.46371 2.24873
1 0.5
-5 5.99881 2.89776
0 0.666667
5 5.99881 2.89776
1 0.666667
-5 7.55469 3.49527
0 0.833333
5 7.55469 3.49527
1 0.833333
-5 9.12962 4.04059
0 1
5 9.12962 4.04059
1 1
-5 10.7218 4.53312
0 1.16667
5 10.7218 4.53312
1 1.16667
-5 12.3296 4.97232
0 1.33333
5 12.3296 4.97232
1 1.33333
-5 13.9511 5.35769
0 1.5
5 13.9511 5.35769
1 1.5
-5 15.5846 5.68881
0 1.66667
5 15.5846 5.68881
1 1.66667
-5 17.2281 5.9653
0 1.83333
5 17.2281 5.9653
1 1.83333
-5 18.88 6.18686
0 2
5 18.88 6.18686
1 2
-5 20.5383 6.35325
0 2.16667
5 20.5383 6.35325
1 2.16667
-5 22.2013 6.46428
0 2.33333
5 22.2013 6.46428
1 2.33333
-5 23.867 6.51983
0 2.5
5 23.867 6.51983
1 2.5
0 2 1 1
1 2 3 1
2 4 3 1
3 4 5 1
4 6 5 1
5 6 7 1
6 8 7 1
7 8 9 1
8 10 9 1
9 10 11 1
10 12 11 1
11 12 13 1
12 14 13 1
13 14 15 1
14 16 15 1
15 16 17 1
16 18 17 1
17 18 19 1
18 20 19 1
19 20 21 1
20 22 21 1
21 22 23 1
22 24 23 1
23 24 25 1
24 26 25 1
25 26 27 1
26 28 27 1
27 28 29 1
28 30 29 1
29 30 31 1
0 23.867 6.51983
0 1 0
0 0 1
