52 50
-5 0 0
0 0
5 0 0
1 0
-5.01077 0.8429 -0.157054
0 0.1
4.97936 1.15685 0.157054
1 0.1
-5.0431 1.68543 -0.313953
0 0.2
4.91747 2.3121 0.313953
1 0.2
-5.09699 2.52723 -0.470542
0 0.3
4.81445 3.46414 0.470542
1 0.3
-5.17247 3.36792 -0.626666
0 0.4
4.67045 4.61137 0.626666
1 0.4
-5.26955 4.20713 -0.782172
0 0.5
4.48573 5.75221 0.782172
1 0.5
-5.38828 5.04447 -0.936907
0 0.6
4.2606 6.88509 0.936907
1 0.6
-5.52869 5.87955 -1.09072
0 0.7
3.99544 8.00845 1.09072
1 0.7
-5.69084 6.71199 -1.24345
0 0.8
3.6907 9.12075 1.24345
1 0.8
-5.87476 7.54136 -1.39496
0 0.9
3.34688 10.2205 1.39496
1 0.9
-6.08053 8.36726 -1.54508
0 1
2.96456 11.3062 1.54508
1 1
-6.30818 9.18925 -1.69369
0 1.1
2.54438 12.3764 1.69369
1 1.1
-6.5578 10.0069 -1.84062
0 1.2
2.08705 13.4296 1.84062
1 1.2
-6.82943 10.8197 -1.98574
0 1.3
1.59331 14.4646 1.98574
1 1.3
-7.12313 11.6273 -2.1289
0 1.4
1.06399 15.4798 2.1289
1 1.4
-7.43898 12.429 -2.26995
0 1.5
0.49995 16.4741 2.26995
1 1.5
-7.77701 13.2245 -2.40877
0 1.6
-0.0978756 17.4461 2.40877
1 1.6
-8.13729 14.0132 -2.54521
0 1.7
-0.728517 18.3947 2.54521
1 1.7
-8.51985 14.7945 -2.67913
0 1.8
-1.39095 19.3187 2.67913
1 1.8
-8.92473 15.568 -2.81042
0 1.9
-2.08411 20.2168 2.81042
1 1.9
-9.35197 16.3329 -2.93893
0 2
-2.80689 21.0882 2.93893
1 2
-9.80157 17.0888 -3.06454
0 2.1
-3.55812 21.9317 3.06454
1 2.1
-10.2735 17.835 -3.18712
0 2.2
-4.33664 22.7464 3.18712
1 2.2
-10.7679 18.5708 -3.30656
0 2.3
-5.14121 23.5314 3.30656
1 2.3
-11.2845 19.2956 -3.42274
0 2.4
-5.97058 24.2858 3.42274
1 2.4
-11.8235 20.0088 -3.53553
0 2.5
-6.82346 25.0088 3.53553
1 2.5
0 2 1 1
1 2 3 1
2 4 3 1
3 4 5 1
4 6 5 1
5 6 7 1
6 8 7 1
7 8 9 1
8 10 9 1
9 10 11 1
10 12 11 1
11 12 13 1
12 14 13 1
13 14 15 1
14 16 15 1
15 16 17 1
16 18 17 1
17 18 19 1
18 20 19 1
19 20 21 1
20 22 21 1
21 22 23 1
22 24 23 1
23 24 25 1
24 26 25 1
25 26 27 1
26 28 27 1
27 28 29 1
28 30 29 1
29 30 31 1
30 32 31 1
31 32 33 1
32 34 33 1
33 34 35 1
34 36 35 1
35 36 37 1
36 38 37 1
37 38 39 1
38 40 39 1
39 40 41 1
40 42 41 1
41 42 43 1
42 44 43 1
43 44 45 1
44 46 45 1
45 46 47 1
46 48 47 1
47 48 49 1
48 50 49 1
49 50 51 1
-9.32346 22.5088 0
-0.707107 0.707107 0
0 0 1
