42 40
-5 0 0
0 0
5 0 0
1 0
-5.04523 2.30322 0
0 0.25
4.94706 2.69582 0
1 0.25
-5.18085 4.60289 0
0 0.5
4.78833 5.38748 0
1 0.5
-5.40665 6.89546 0
0 0.75
4.52404 8.07083 0
1 0.75
-5.72228 9.17739 0
0 1
4.15461 10.7417 0
1 1
-6.12725 11.4452 0
0 1.25
3.6806 13.3961 0
1 1.25
-6.62095 13.6953 0
0 1.5
3.10275 16.0298 0
1 1.5
-7.2026 15.9243 0
0 1.75
2.42195 18.6387 0
1 1.75
-7.87132 18.1288 0
0 2
1.63924 21.219 0
1 2
-8.62607 20.3053 0
0 2.25
0.755842 23.7665 0
1 2.25
-9.46569 22.4505 0
0 2.5
-0.226893 26.2774 0
1 2.5
-10.3889 24.5611 0
0 2.75
-1.30745 28.7477 0
1 2.75
-11.3942 26.6338 0
0 3
-2.48415 31.1737 0
1 3
-12.4802 28.6655 0
0 3.25
-3.7552 33.5517 0
1 3.25
-13.645 30.6529 0
0 3.5
-5.11862 35.8779 0
1 3.5
-14.887 32.5931 0
0 3.75
-6.57232 38.1488 0
1 3.75
-16.2042 34.483 0
0 4
-8.11405 40.3609 0
1 4
-17.5946 36.3198 0
0 4.25
-9.74144 42.5107 0
1 4.25
-19.056 38.1006 0
0 4.5
-11.452 44.595 0
1 4.5
-20.5863 39.8226 0
0 4.75
-13.243 46.6106 0
1 4.75
-22.1829 41.4832 0
0 5
-15.1118 48.5542 0
1 5
0 2 1 1
1 2 3 1
2 4 3 1
3 4 5 1
4 6 5 1
5 6 7 1
6 8 7 1
7 8 9 1
8 10 9 1
9 10 11 1
10 12 11 1
11 12 13 1
12 14 13 1
13 14 15 1
14 16 15 1
15 16 17 1
16 18 17 1
17 18 19 1
18 20 19 1
19 20 21 1
20 22 21 1
21 22 23 1
22 24 23 1
23 24 25 1
24 26 25 1
25 26 27 1
26 28 27 1
27 28 29 1
28 30 29 1
29 30 31 1
30 32 31 1
31 32 33 1
32 34 33 1
33 34 35 1
34 36 35 1
35 36 37 1
36 38 37 1
37 38 39 1
38 40 39 1
39 40 41 1
-18.6474 45.0187 0
-0.707107 0.707107 0
0 0 1
