62 60
-3.53553 0 -3.53553
0 0
3.53553 0 3.53553
1 0
-3.69423 1.28527 -3.44177
0 0.166667
3.51978 2.04349 3.44177
1 0.166667
-3.98248 2.53799 -3.34565
0 0.333333
3.28658 4.08307 3.34565
1 0.333333
-4.39526 3.74551 -3.24724
0 0.5
2.83663 6.0953 3.24724
1 0.5
-4.92639 4.8959 -3.1466
0 0.666667
2.1732 8.05684 3.1466
1 0.666667
-5.56857 5.978 -3.04381
0 0.833333
1.30207 9.94477 3.04381
1 0.833333
-6.31352 6.98153 -2.93893
0 1
0.231564 11.7368 2.93893
1 1
-7.15207 7.89717 -2.83203
0 1.16667
-1.02762 13.4117 2.83203
1 1.16667
-8.07426 8.71665 -2.7232
0 1.33333
-2.46246 14.9492 2.7232
1 1.33333
-9.06945 9.43279 -2.61249
0 1.5
-4.05775 16.3308 2.61249
1 1.5
-10.1264 10.0395 -2.5
0 1.66667
-5.79632 17.5395 2.5
1 1.66667
-11.2336 10.532 -2.38579
0 1.83333
-7.65916 18.5604 2.38579
1 1.83333
-12.379 10.9065 -2.26995
0 2
-9.62568 19.3804 2.26995
1 2
-13.5505 11.1605 -2.15256
0 2.16667
-11.6739 19.9891 2.15256
1 2.16667
-14.7358 11.2928 -2.03368
0 2.33333
-13.7809 20.3782 2.03368
1 2.33333
-15.9228 11.3034 -1.91342
0 2.5
-15.9228 20.5422 1.91342
1 2.5
-17.0992 11.1932 -1.79184
0 2.66667
-18.0751 20.4779 1.79184
1 2.66667
-18.2534 10.9646 -1.66903
0 2.83333
-20.2132 20.185 1.66903
1 2.83333
-19.3737 10.6209 -1.54508
0 3
-22.3126 19.666 1.54508
1 3
-20.4492 10.1665 -1.42008
0 3.16667
-24.3491 18.9258 1.42008
1 3.16667
-21.4693 9.60694 -1.2941
0 3.33333
-26.299 17.9721 1.2941
1 3.33333
-22.4242 8.94847 -1.16723
0 3.5
-28.1397 16.8151 1.16723
1 3.5
-23.3046 8.1984 -1.03956
0 3.66667
-29.8497 15.4674 1.03956
1 3.66667
-24.1022 7.36478 -0.911178
0 3.83333
-31.4092 13.944 0.911178
1 3.83333
-24.8093 6.45643 -0.782172
0 4
-32.7998 12.2619 0.782172
1 4
-25.4192 5.48277 -0.652631
0 4.16667
-34.0054 10.44 0.652631
1 4.16667
-25.9262 4.45383 -0.522642
0 4.33333
-35.0116 8.49892 0.522642
1 4.33333
-26.3256 3.38008 -0.392295
0 4.5
-35.8068 6.46073 0.392295
1 4.5
-26.6136 2.2724 -0.26168
0 4.66667
-36.3816 4.34866 0.26168
1 4.66667
-26.7874 1.14192 -0.130885
0 4.83333
-36.7292 2.18685 0.130885
1 4.83333
-26.8455 1.64452e-015 2.77556e-016
0 5
-36.8455 5.46091e-015 -2.77556e-016
1 5
0 2 1 1
1 2 3 1
2 4 3 1
3 4 5 1
4 6 5 1
5 6 7 1
6 8 7 1
7 8 9 1
8 10 9 1
9 10 11 1
10 12 11 1
11 12 13 1
12 14 13 1
13 14 15 1
14 16 15 1
15 16 17 1
16 18 17 1
17 18 19 1
18 20 19 1
19 20 21 1
20 22 21 1
21 22 23 1
22 24 23 1
23 24 25 1
24 26 25 1
25 26 27 1
26 28 27 1
27 28 29 1
28 30 29 1
29 30 31 1
30 32 31 1
31 32 33 1
32 34 33 1
33 34 35 1
34 36 35 1
35 36 37 1
36 38 37 1
37 38 39 1
38 40 39 1
39 40 41 1
40 42 41 1
41 42 43 1
42 44 43 1
43 44 45 1
44 46 45 1
45 46 47 1
46 48 47 1
47 48 49 1
48 50 49 1
49 50 51 1
50 52 51 1
51 52 53 1
52 54 53 1
53 54 55 1
54 56 55 1
55 56 57 1
56 58 57 1
57 58 59 1
58 60 59 1
59 60 61 1
-31.8455 3.55271e-015 0
-3.81639e-016 -1 0
0 0 1
