52 50
-5 0 0
0 0
5 0 0
1 0
-5.01985 1.89518 0
0 0.2
4.97796 2.1046 0
1 0.2
-5.07888 3.77376 0.250666
0 0.4
4.91234 4.19252 0.250666
1 0.4
-5.17479 5.6037 0.748046
0 0.6
4.80548 6.2316 0.748046
1 0.6
-5.30331 7.35382 1.4843
0 0.8
4.66162 8.1906 1.4843
1 0.8
-5.45839 8.9944 2.4478
0 1
4.48683 10.0397 2.4478
1 1
-5.63232 10.4977 3.62337
0 1.2
4.28882 11.751 3.62337
1 1.2
-5.81598 11.8384 4.99247
0 1.4
4.07675 13.2992 4.99247
1 1.4
-5.99903 12.9941 6.53349
0 1.6
3.86093 14.6618 6.53349
1 1.6
-6.17026 13.9458 8.22215
0 1.8
3.65262 15.8196 8.22215
1 1.8
-6.31787 14.6779 10.0318
0 2
3.4636 16.757 10.0318
1 2
-6.42985 15.1788 11.9339
0 2.2
3.30594 17.4623 11.9339
1 2.2
-6.49427 15.4411 13.8985
0 2.4
3.19157 17.928 13.8985
1 2.4
-6.49967 15.4612 15.8945
0 2.6
3.13196 18.1504 15.8945
1 2.6
-6.43541 15.2401 17.8906
0 2.8
3.13778 18.1304 17.8906
1 2.8
-6.29203 14.7825 19.8552
0 3
3.21854 17.8727 19.8552
1 3
-6.0615 14.0975 21.7573
0 3.2
3.38226 17.3862 21.7573
1 3.2
-5.73757 13.1978 23.5669
0 3.4
3.63525 16.6835 23.5669
1 3.4
-5.316 12.0996 25.2556
0 3.6
3.98176 15.7808 25.2556
1 3.6
-4.79474 10.8223 26.7966
0 3.8
4.42389 14.6974 26.7966
1 3.8
-4.17414 9.38812 28.1657
0 4
4.96132 13.4555 28.1657
1 4
-3.45699 7.82173 29.3413
0 4.2
5.59128 12.0795 29.3413
1 4.2
-2.64862 6.14954 30.3048
0 4.4
6.3085 10.5959 30.3048
1 4.4
-1.75686 4.39937 31.041
0 4.6
7.10517 9.03233 31.041
1 4.6
-0.791968 2.59985 31.5384
0 4.8
7.9711 7.41738 31.5384
1 4.8
0.233504 0.779927 31.7891
0 5
8.89376 5.77993 31.7891
1 5
0 2 1 1
1 2 3 1
2 4 3 1
3 4 5 1
4 6 5 1
5 6 7 1
6 8 7 1
7 8 9 1
8 10 9 1
9 10 11 1
10 12 11 1
11 12 13 1
12 14 13 1
13 14 15 1
14 16 15 1
15 16 17 1
16 18 17 1
17 18 19 1
18 20 19 1
19 20 21 1
20 22 21 1
21 22 23 1
22 24 23 1
23 24 25 1
24 26 25 1
25 26 27 1
26 28 27 1
27 28 29 1
28 30 29 1
29 30 31 1
30 32 31 1
31 32 33 1
32 34 33 1
33 34 35 1
34 36 35 1
35 36 37 1
36 38 37 1
37 38 39 1
38 40 39 1
39 40 41 1
40 42 41 1
41 42 43 1
42 44 43 1
43 44 45 1
44 46 45 1
45 46 47 1
46 48 47 1
47 48 49 1
48 50 49 1
49 50 51 1
4.56363 3.27993 31.7891
-0.5 0.866025 0
0 0 1
