14 12
-5 0 0
0 0
5 0 0
1 0
-4.82097 2.7315 0
0 0.208333
5.09348 1.42624 0
1 0.208333
-4.28693 5.41627 0
0 0.416667
5.37232 2.82808 0
1 0.416667
-3.40704 8.00836 0
0 0.625
5.83176 4.18153 0
1 0.625
-2.19633 10.4634 0
0 0.833333
6.46392 5.46343 0
1 0.833333
-0.675534 12.7395 0
0 1.04167
7.258 6.65185 0
1 1.04167
1.12934 14.7975 0
0 1.25
8.2004 7.72646 0
1 1.25
0 2 1 1
1 2 3 1
2 4 3 1
3 4 5 1
4 6 5 1
5 6 7 1
6 8 7 1
7 8 9 1
8 10 9 1
9 10 11 1
10 12 11 1
11 12 13 1
4.66487 11.262 0
0.707107 0.707107 0
0 0 1
