52 50
-5 0 0
0 0
5 0 0
1 0
-4.83499 2.62272 0
0 0.2
5.08615 1.36939 0
1 0.2
-4.34257 5.20408 0
0 0.4
5.34326 2.71718 0
1 0.4
-3.5305 7.70336 0
0 0.6
5.76726 4.02212 0
1 0.6
-2.4116 10.0812 0
0 0.8
6.35147 5.26363 0
1 0.8
-1.0035 12.3 0
0 1
7.08667 6.42212 0
1 1
0.671595 14.3248 0
0 1.2
7.96128 7.47934 0
1 1.2
2.58726 16.1237 0
0 1.4
8.9615 8.41861 0
1 1.4
4.71328 17.6684 0
0 1.6
10.0715 9.2251 0
1 1.6
7.01613 18.9344 0
0 1.8
11.2739 9.88611 0
1 1.8
9.45949 19.9018 0
0 2
12.5497 10.3912 0
1 2
12.0048 20.5553 0
0 2.2
13.8786 10.7324 0
1 2.2
14.612 20.8847 0
0 2.4
15.2399 10.9044 0
1 2.4
17.2399 20.8847 0
0 2.6
16.612 10.9044 0
1 2.6
19.8471 20.5553 0
0 2.8
17.9733 10.7324 0
1 2.8
22.3925 19.9018 0
0 3
19.3023 10.3912 0
1 3
24.8358 18.9344 0
0 3.2
20.578 9.88611 0
1 3.2
27.1387 17.6684 0
0 3.4
21.7804 9.2251 0
1 3.4
29.2647 16.1237 0
0 3.6
22.8904 8.41861 0
1 3.6
31.1803 14.3248 0
0 3.8
23.8907 7.47934 0
1 3.8
32.8554 12.3 0
0 4
24.7653 6.42212 0
1 4
34.2635 10.0812 0
0 4.2
25.5005 5.26363 0
1 4.2
35.3824 7.70336 0
0 4.4
26.0847 4.02212 0
1 4.4
36.1945 5.20408 0
0 4.6
26.5087 2.71718 0
1 4.6
36.6869 2.62272 0
0 4.8
26.7658 1.36939 0
1 4.8
36.8519 -4.33036e-012 0
0 5
26.8519 -2.25993e-012 0
1 5
0 2 1 1
1 2 3 1
2 4 3 1
3 4 5 1
4 6 5 1
5 6 7 1
6 8 7 1
7 8 9 1
8 10 9 1
9 10 11 1
10 12 11 1
11 12 13 1
12 14 13 1
13 14 15 1
14 16 15 1
15 16 17 1
16 18 17 1
17 18 19 1
18 20 19 1
19 20 21 1
20 22 21 1
21 22 23 1
22 24 23 1
23 24 25 1
24 26 25 1
25 26 27 1
26 28 27 1
27 28 29 1
28 30 29 1
29 30 31 1
30 32 31 1
31 32 33 1
32 34 33 1
33 34 35 1
34 36 35 1
35 36 37 1
36 38 37 1
37 38 39 1
38 40 39 1
39 40 41 1
40 42 41 1
41 42 43 1
42 44 43 1
43 44 45 1
44 46 45 1
45 46 47 1
46 48 47 1
47 48 49 1
48 50 49 1
49 50 51 1
31.8519 -3.29514e-012 0
-2.07043e-013 -1 0
0 0 1
