32 30
-5 0 0
0 0
5 0 0
1 0
-5 1.66667 0
0 0.166667
5 1.66667 0
1 0.166667
-5 3.33241 -0.0555453
0 0.333333
5 3.33241 -0.0555453
1 0.333333
-5 4.99537 -0.166574
0 0.5
5 4.99537 -0.166574
1 0.5
-5 6.65371 -0.332963
0 0.666667
5 6.65371 -0.332963
1 0.666667
-5 8.30559 -0.554527
0 0.833333
5 8.30559 -0.554527
1 0.833333
-5 9.94916 -0.831021
0 1
5 9.94916 -0.831021
1 1
-5 11.5826 -1.16214
0 1.16667
5 11.5826 -1.16214
1 1.16667
-5 13.2041 -1.54751
0 1.33333
5 13.2041 -1.54751
1 1.33333
-5 14.8119 -1.9867
0 1.5
5 14.8119 -1.9867
1 1.5
-5 16.4041 -2.47924
0 1.66667
5 16.4041 -2.47924
1 1.66667
-5 17.979 -3.02456
0 1.83333
5 17.979 -3.02456
1 1.83333
-5 19.5349 -3.62207
0 2
5 19.5349 -3.62207
1 2
-5 21.07 -4.2711
0 2.16667
5 21.07 -4.2711
1 2.16667
-5 22.5826 -4.97093
0 2.33333
5 22.5826 -4.97093
1 2.33333
-5 24.0711 -5.72078
0 2.5
5 24.0711 -5.72078
1 2.5
0 2 1 1
1 2 3 1
2 4 3 1
3 4 5 1
4 6 5 1
5 6 7 1
6 8 7 1
7 8 9 1
8 10 9 1
9 10 11 1
10 12 11 1
11 12 13 1
12 14 13 1
13 14 15 1
14 16 15 1
15 16 17 1
16 18 17 1
17 18 19 1
18 20 19 1
19 20 21 1
20 22 21 1
21 22 23 1
22 24 23 1
23 24 25 1
24 26 25 1
25 26 27 1
26 28 27 1
27 28 29 1
28 30 29 1
29 30 31 1
0 24.0711 -5.72078
0 1 0
0 0 1
